used methods: Method1uRank	Method2ProLiS	Method6	Method3	

success ratio
1.000	1.000	1.000	0.680	0.707	
2.000	1.000	1.000	1.000	1.000	
3.000	1.000	1.000	1.000	1.000	
4.000	1.000	1.000	1.000	1.000	
5.000	1.000	1.000	1.000	1.000	
6.000	1.000	1.000	1.000	1.000	
7.000	1.000	1.000	1.000	1.000	
8.000	1.000	1.000	1.000	1.000	
9.000	1.000	1.000	1.000	1.000	
10.000	1.000	1.000	1.000	1.000	



normalized cost
1.000	288.724	288.724	283.531	286.270	
2.000	144.283	144.283	115.647	74.048	
3.000	84.703	84.703	80.213	47.047	
4.000	72.217	72.217	59.026	33.364	
5.000	51.989	51.989	49.725	29.158	
6.000	43.250	43.250	41.215	27.823	
7.000	38.155	38.155	35.955	24.824	
8.000	34.001	34.001	32.231	20.482	
9.000	33.849	33.849	33.886	17.567	
10.000	29.505	29.505	28.713	15.257	



reference values (CF, MF, CC, MC)
156.9399999999988	8.865892307692263	0.10999999999999682	6904.5582250000125	