used methods: Method1uRank	Method2ProLiS	Method6	Method3	

success ratio
1.000	1.000	1.000	0.503	0.585	
2.000	1.000	1.000	1.000	1.000	
3.000	1.000	1.000	1.000	1.000	
4.000	1.000	1.000	1.000	1.000	
5.000	1.000	1.000	1.000	1.000	
6.000	1.000	1.000	1.000	1.000	
7.000	1.000	1.000	1.000	1.000	
8.000	1.000	1.000	1.000	1.000	
9.000	1.000	1.000	1.000	1.000	
10.000	1.000	1.000	1.000	1.000	



normalized cost
1.000	5.175	5.175	5.214	5.223	
2.000	2.521	2.521	2.971	2.691	
3.000	1.655	1.655	2.024	1.722	
4.000	1.280	1.280	1.564	1.345	
5.000	1.095	1.095	1.306	1.157	
6.000	0.913	0.913	1.146	1.018	
7.000	0.837	0.837	1.043	0.965	
8.000	0.798	0.798	0.964	0.954	
9.000	0.774	0.774	0.879	0.931	
10.000	0.751	0.751	0.932	0.894	



reference values (CF, MF, CC, MC)
154.67899999999352	709.5631230769277	7.656439999999993	624750.2470749986	