used methods: Method1uRank	Method2ProLiS	Method6	Method3	

success ratio
1.000	1.000	1.000	0.300	0.302	
2.000	1.000	1.000	1.000	1.000	
3.000	1.000	1.000	1.000	1.000	
4.000	1.000	1.000	1.000	1.000	
5.000	1.000	1.000	1.000	1.000	
6.000	1.000	1.000	1.000	1.000	
7.000	1.000	1.000	1.000	1.000	
8.000	1.000	1.000	1.000	1.000	
9.000	1.000	1.000	1.000	1.000	
10.000	1.000	1.000	1.000	1.000	



normalized cost
1.000	45.548	45.548	38.716	38.919	
2.000	22.826	22.826	23.170	25.142	
3.000	16.664	16.664	20.207	21.719	
4.000	11.601	11.601	11.590	13.586	
5.000	10.605	10.605	10.197	11.610	
6.000	8.412	8.412	10.114	11.387	
7.000	6.348	6.348	10.054	11.149	
8.000	5.920	5.920	5.724	7.125	
9.000	5.974	5.974	5.353	6.225	
10.000	5.777	5.777	5.219	6.051	



reference values (CF, MF, CC, MC)
156.9399999999988	51.86786057692271	0.8313799999999992	66282.4286000002	