used methods: Method1uRank	Method2ProLiS	Method6	Method3	

success ratio
1.000	1.000	1.000	0.338	0.430	
2.000	1.000	1.000	1.000	1.000	
3.000	1.000	1.000	1.000	1.000	
4.000	1.000	1.000	1.000	1.000	
5.000	1.000	1.000	1.000	1.000	
6.000	1.000	1.000	1.000	1.000	
7.000	1.000	1.000	1.000	1.000	
8.000	1.000	1.000	1.000	1.000	
9.000	1.000	1.000	1.000	1.000	
10.000	1.000	1.000	1.000	1.000	



normalized cost
1.000	799.542	799.542	787.201	786.854	
2.000	399.771	399.771	399.771	120.174	
3.000	200.656	200.656	200.709	69.938	
4.000	199.885	199.885	199.885	56.254	
5.000	199.885	199.885	199.893	39.861	
6.000	100.682	100.682	100.708	37.949	
7.000	100.671	100.671	100.708	39.014	
8.000	101.430	101.430	100.997	32.942	
9.000	100.694	100.694	100.694	33.319	
10.000	100.694	100.694	100.698	26.994	



reference values (CF, MF, CC, MC)
156.2749999999989	5.1638538461538355	0.07699999999999557	3299.2099500000104	