used methods: Method1uRank	Method2ProLiS	Method6	Method3	

success ratio
1.000	1.000	1.000	0.630	0.643	
2.000	1.000	1.000	1.000	1.000	
3.000	1.000	1.000	1.000	1.000	
4.000	1.000	1.000	1.000	1.000	
5.000	1.000	1.000	1.000	1.000	
6.000	1.000	1.000	1.000	1.000	
7.000	1.000	1.000	1.000	1.000	
8.000	1.000	1.000	1.000	1.000	
9.000	1.000	1.000	1.000	1.000	
10.000	1.000	1.000	1.000	1.000	



normalized cost
1.000	11.889	11.889	10.808	10.812	
2.000	5.953	5.953	5.791	7.723	
3.000	4.727	4.727	4.745	6.142	
4.000	3.030	3.030	2.956	5.100	
5.000	2.509	2.509	2.531	3.803	
6.000	2.370	2.370	2.441	3.727	
7.000	2.199	2.199	2.117	3.309	
8.000	1.737	1.737	1.618	2.853	
9.000	1.498	1.498	1.461	3.391	
10.000	1.328	1.328	1.343	2.570	



reference values (CF, MF, CC, MC)
153.21599999999722	178.92770840384597	0.6747400000000002	53438.64928124999	