used methods: ClassifySchedule	Method1uRank	Method2ProLiS	Method6	Method3	ICPCP	ProLiS	

success ratio
1.000000	1.000000	1.000000	0.908800	0.708000	0.724000	1.000000	0.896800	
2.000000	1.000000	1.000000	0.984800	1.000000	1.000000	0.812000	1.000000	
3.000000	1.000000	1.000000	0.990400	1.000000	1.000000	0.868000	1.000000	
4.000000	1.000000	1.000000	1.000000	1.000000	1.000000	0.980000	1.000000	
5.000000	1.000000	1.000000	1.000000	1.000000	1.000000	1.000000	1.000000	
6.000000	1.000000	1.000000	1.000000	1.000000	1.000000	1.000000	1.000000	
7.000000	1.000000	1.000000	1.000000	1.000000	1.000000	1.000000	1.000000	
8.000000	1.000000	1.000000	1.000000	1.000000	1.000000	1.000000	1.000000	
9.000000	1.000000	1.000000	1.000000	1.000000	1.000000	1.000000	1.000000	
10.000000	1.000000	1.000000	1.000000	1.000000	1.000000	1.000000	1.000000	



normalized cost
1.000000	0.570081	0.654744	0.566047	0.637052	0.628868	0.621131	0.562368	
2.000000	0.224086	0.279925	0.244980	0.288949	0.235832	0.298608	0.246157	
3.000000	0.134163	0.162158	0.140658	0.189160	0.171794	0.225221	0.142003	
4.000000	0.090741	0.122905	0.102420	0.129557	0.114337	0.113417	0.102319	
5.000000	0.073163	0.110210	0.085467	0.114735	0.090580	0.101002	0.085237	
6.000000	0.054893	0.068687	0.062997	0.081316	0.081883	0.100682	0.063130	
7.000000	0.043158	0.054947	0.046220	0.075932	0.075073	0.098289	0.046723	
8.000000	0.032968	0.049527	0.038894	0.052060	0.053008	0.095549	0.039592	
9.000000	0.031145	0.048915	0.038343	0.049313	0.048477	0.062340	0.038792	
10.000000	0.026614	0.046286	0.036276	0.046181	0.040279	0.059094	0.035633	



reference values (CF, MF, CC, MC)
42.00804999999974	280.4611123317273	0.4914249999999681	36778.187020000674	