used methods: ClassifySchedule	Method1uRank	Method2ProLiS	Method6	Method3	ICPCP	ProLiS	

success ratio
1.000000	1.000000	1.000000	0.876800	0.716000	0.716000	1.000000	0.918400	
2.000000	1.000000	1.000000	0.966400	1.000000	1.000000	0.832000	0.996800	
3.000000	1.000000	1.000000	0.988800	1.000000	1.000000	0.908000	1.000000	
4.000000	1.000000	1.000000	1.000000	1.000000	1.000000	0.976000	1.000000	
5.000000	1.000000	1.000000	1.000000	1.000000	1.000000	0.996000	1.000000	
6.000000	1.000000	1.000000	1.000000	1.000000	1.000000	0.996000	1.000000	
7.000000	1.000000	1.000000	1.000000	1.000000	1.000000	0.996000	1.000000	
8.000000	1.000000	1.000000	1.000000	1.000000	1.000000	1.000000	1.000000	
9.000000	1.000000	1.000000	1.000000	1.000000	1.000000	1.000000	1.000000	
10.000000	1.000000	1.000000	1.000000	1.000000	1.000000	1.000000	1.000000	



normalized cost
1.000000	0.589551	0.663111	0.582350	0.644068	0.644068	0.664495	0.567734	
2.000000	0.243703	0.281839	0.252568	0.302859	0.293159	0.313928	0.253428	
3.000000	0.163364	0.180819	0.165795	0.199203	0.196978	0.248693	0.165731	
4.000000	0.101368	0.122600	0.104765	0.135005	0.142954	0.142570	0.106765	
5.000000	0.085835	0.110711	0.092928	0.116598	0.094699	0.119469	0.091914	
6.000000	0.068725	0.076913	0.068873	0.087046	0.086002	0.110630	0.068933	
7.000000	0.051556	0.059965	0.051562	0.075159	0.074506	0.106577	0.052477	
8.000000	0.041814	0.048266	0.042661	0.055205	0.057431	0.103108	0.042750	
9.000000	0.040649	0.048787	0.040216	0.052284	0.073569	0.068304	0.040094	
10.000000	0.036484	0.047384	0.036169	0.048800	0.052797	0.064873	0.035589	



reference values (CF, MF, CC, MC)
22.613325000000735	339.91164814904056	0.3481500000000212	25097.098011249873	