used methods: ClassifySchedule	Method1uRank	Method2ProLiS	Method6	Method3	ICPCP	ProLiS	

success ratio
1.000000	1.000000	1.000000	0.970400	0.744000	0.772000	1.000000	0.937600	
2.000000	1.000000	1.000000	0.996000	1.000000	1.000000	0.824000	0.999200	
3.000000	1.000000	1.000000	0.992800	1.000000	1.000000	0.880000	1.000000	
4.000000	1.000000	1.000000	1.000000	1.000000	1.000000	0.980000	1.000000	
5.000000	1.000000	1.000000	1.000000	1.000000	1.000000	1.000000	1.000000	
6.000000	1.000000	1.000000	1.000000	1.000000	1.000000	0.992000	1.000000	
7.000000	1.000000	1.000000	1.000000	1.000000	1.000000	0.992000	1.000000	
8.000000	1.000000	1.000000	1.000000	1.000000	1.000000	0.992000	1.000000	
9.000000	1.000000	1.000000	1.000000	1.000000	1.000000	1.000000	1.000000	
10.000000	1.000000	1.000000	1.000000	1.000000	1.000000	1.000000	1.000000	



normalized cost
1.000000	0.569861	0.663970	0.557087	0.722088	0.702376	0.608848	0.552043	
2.000000	0.204293	0.283566	0.234326	0.295773	0.222070	0.286733	0.235153	
3.000000	0.118291	0.161572	0.135261	0.189058	0.150466	0.209205	0.135327	
4.000000	0.080100	0.127498	0.102074	0.135797	0.104095	0.116056	0.101836	
5.000000	0.063850	0.112582	0.082953	0.122141	0.079023	0.099563	0.083478	
6.000000	0.056225	0.071919	0.059427	0.085982	0.074421	0.093972	0.059149	
7.000000	0.051981	0.059904	0.048672	0.080633	0.072573	0.087975	0.049292	
8.000000	0.034861	0.055827	0.044929	0.057952	0.054818	0.082910	0.045031	
9.000000	0.031015	0.055031	0.043111	0.059152	0.047056	0.066661	0.043140	
10.000000	0.027838	0.052382	0.040387	0.057440	0.044017	0.063678	0.040002	



reference values (CF, MF, CC, MC)
82.64620000000119	318.7391373557639	1.103849999999973	87557.37442562559	