used methods: ClassifySchedule	Method1uRank	Method2ProLiS	Method6	Method3	ICPCP	ProLiS	

success ratio
1.000000	0.617600	1.000000	0.922400	0.364000	0.368000	1.000000	0.901600	
2.000000	1.000000	1.000000	1.000000	1.000000	1.000000	0.824000	0.986400	
3.000000	1.000000	1.000000	0.998400	1.000000	1.000000	0.852000	0.997600	
4.000000	1.000000	1.000000	1.000000	1.000000	1.000000	0.984000	0.999200	
5.000000	1.000000	1.000000	0.999200	1.000000	1.000000	1.000000	1.000000	
6.000000	1.000000	1.000000	1.000000	1.000000	1.000000	1.000000	1.000000	
7.000000	1.000000	1.000000	1.000000	1.000000	1.000000	1.000000	1.000000	
8.000000	1.000000	1.000000	1.000000	1.000000	1.000000	1.000000	1.000000	
9.000000	1.000000	1.000000	1.000000	1.000000	1.000000	1.000000	1.000000	
10.000000	1.000000	1.000000	1.000000	1.000000	1.000000	1.000000	1.000000	



normalized cost
1.000000	0.777483	0.747795	0.656868	0.845523	0.848818	0.590638	0.653093	
2.000000	0.234924	0.329139	0.287729	0.293850	0.203232	0.299210	0.287430	
3.000000	0.146100	0.202415	0.180158	0.209720	0.166449	0.207817	0.180410	
4.000000	0.089350	0.147906	0.126797	0.135581	0.097416	0.116603	0.126402	
5.000000	0.074415	0.134772	0.110524	0.125579	0.089013	0.087902	0.110582	
6.000000	0.060330	0.088636	0.082575	0.096870	0.079682	0.079659	0.082350	
7.000000	0.052127	0.073015	0.061548	0.089868	0.072754	0.071728	0.061433	
8.000000	0.030963	0.065276	0.055251	0.061160	0.043494	0.068238	0.055081	
9.000000	0.029276	0.062238	0.052433	0.058646	0.040404	0.062150	0.052072	
10.000000	0.028881	0.058934	0.047886	0.055043	0.041986	0.059075	0.047903	



reference values (CF, MF, CC, MC)
824.5002499999098	387.5736434134692	11.145475000000511	908618.1893549988	